Ground truth | result
26 | 31.844399843073916
27 | 24.691562005493324
23 | 28.52647584414808
73 | 12.791128718818072
20 | 31.52608589269221
25 | 26.58599813404726
35 | 36.59560011798749
1 | 9.725532953743823
5 | 27.310752085992135
1 | 6.467612522770651
30 | 32.41968138725497
44 | 41.31938196637202
27 | 29.32387705508154
34 | 35.69755569798872
1 | 5.652651711803628
50 | 49.488332844222896
2 | 6.877747911144979
53 | 48.47574235161301
52 | 41.853458594938274
28 | 30.239419905876275
55 | 46.503587629122194
32 | 33.59322274575243
43 | 42.017175866116304
36 | 37.528148381388746
25 | 25.575387228745967
6 | 11.008065519796219
36 | 36.08281095849816
24 | 25.218808996956795
2 | 7.347348423616495
44 | 51.94714050090988
16 | 22.39769654884003
63 | 57.391953482991084
2 | 21.644031626492506
36 | 39.01344339706702
64 | 51.79560449894052
25 | 26.58294451693655
33 | 35.803251879813615
19 | 22.50670580228325
28 | 30.31207906320924
46 | 44.428393823851366
2 | 8.88066085218452
1 | 5.621072236390319
38 | 40.418125709402375
43 | 48.87399548757821
6 | 11.061412582930643
1 | 7.601832265674602
62 | 51.227012291550636
33 | 39.72625096159754
60 | 40.230020281276666
35 | 30.440008791163564
22 | 26.293614262947813
28 | 31.86283524078317
51 | 43.060549594054464
27 | 33.09703437535791
31 | 26.31224674929399
27 | 29.9527782870573
26 | 29.408581777417567
20 | 25.92484225158114
38 | 34.25200809480157
45 | 22.937739161134232
38 | 32.48986046214122
56 | 55.268271382607054
7 | 11.348346458107699
27 | 28.0127332341508
70 | 63.64728223631391
16 | 17.787511122063734
56 | 36.29113647452323
24 | 24.309429688335513
55 | 64.64579653801047
28 | 24.88628764456371
26 | 39.17502721759956
39 | 43.25482131639728
26 | 29.36773883079877
41 | 36.590889345272444
23 | 28.713051598868333
10 | 15.650492756103631
19 | 23.54464945520158
10 | 10.07702394539956
15 | 28.57851219730219
38 | 34.97761030955007
21 | 22.57576769188745
27 | 32.951410842943005
22 | 29.718893983750604
8 | 31.485139849130064
25 | 26.637526176346
66 | 54.46964481333271
24 | 25.1837941177655
33 | 35.15415681083687
1 | 6.865490530850366
24 | 18.982373732491396
48 | 45.16620067314943
22 | 29.194277859060094
33 | 42.596879491524305
53 | 52.7957709338807
25 | 31.650684151565656
1 | 6.296880562746082
28 | 32.89333933888702
38 | 40.90299820504151
27 | 33.58805660245707
24 | 33.71199679677375
61 | 60.45878092214116
35 | 36.08930323109962
23 | 25.484373121580575
20 | 27.34214002196677
21 | 28.160041448369157
5 | 30.813447457156144
26 | 24.939021620259155
63 | 59.81903477261949
22 | 41.816479825240094
5 | 10.828743331716396
18 | 25.157995961024426
7 | 10.856546088587493
23 | 29.310241173458053
29 | 22.45824861805886
30 | 30.071896806301083
22 | 29.391432034550235
15 | 19.728721454157494
30 | 35.578203720913734
25 | 29.575114873587154
32 | 37.431374964129645
45 | 36.789065597753506
59 | 51.9982473537093
26 | 29.54079807404196
22 | 20.66569915355649
84 | 73.53489516649279
43 | 46.34449810977094
1 | 6.341250410536304
30 | 30.950508460169658
17 | 26.29625497024972
20 | 26.224147179804277
44 | 41.565522652468644
21 | 23.243804365192773
35 | 37.814800933236256
48 | 49.78924013307551
80 | 73.53407546158996
33 | 33.93887173925759
24 | 30.663226096366998
23 | 22.933455081132706
22 | 29.8131766836741
48 | 47.65596463723341
31 | 28.922768431628356
15 | 17.11825399484951
19 | 22.276760358246975
37 | 40.3432907294482
15 | 52.72155359061435
21 | 18.678964229708072
57 | 50.53677012823755
20 | 21.53030310405302
23 | 26.37972260604147
30 | 34.904909591481555
37 | 33.763947550498415
31 | 48.32499699835898
50 | 31.036173589294776
33 | 41.63299008656759
34 | 29.944071093632374
26 | 24.63232982403133
19 | 24.67012210638495
38 | 42.60373055859236
15 | 21.660630478232633
30 | 31.494838147656992
35 | 41.109145165479276
46 | 40.182925417029765
6 | 7.183588468004018
59 | 57.34102110026288
31 | 32.508211304142606
74 | 62.38221036363393
61 | 62.20797133049928
17 | 23.198031696956605
28 | 29.423979795887135
33 | 39.95159608125687
15 | 18.103733505588025
51 | 45.974225223471876
4 | 8.977263020875398
39 | 37.30480443889974
53 | 53.229605855594855
6 | 11.389395785867237
2 | 4.769077517936239
6 | 9.855891193961725
45 | 29.257249549613334
34 | 33.52124836231815
30 | 38.190375358681194
28 | 30.619660444383044
19 | 20.898939135113324
1 | 8.168991272570565
24 | 27.792281714151613
24 | 31.622880377224647
5 | 10.595999576413305
2 | 7.581949884537607
33 | 35.661431033629924
41 | 33.9808074751636
20 | 26.902637003804557
23 | 24.409057737211697
41 | 46.87217140273424
30 | 29.300534345646156
24 | 29.237481239484623
30 | 35.80688165384345
23 | 33.62856302136788
47 | 32.147679509362206
30 | 32.96365378750488
11 | 21.211721457657404
32 | 23.67357807175722
38 | 39.5546852813568
23 | 24.986562636622693
53 | 51.893133044824935
28 | 33.75185519881779
38 | 34.11450829077512
42 | 39.926526171155274
58 | 43.244122385571245
53 | 55.772252479568124
30 | 34.717363247065805
31 | 31.135579978348687
34 | 32.24477969156578
38 | 35.094281170517206
48 | 46.096532282826956
28 | 32.47852731763851
5 | 8.034821351175196
5 | 10.231735198001843
46 | 45.34375545437797
19 | 26.67010840488365
51 | 48.934013490739744
20 | 22.74580167059321
28 | 26.66621686081635
41 | 40.167792261054274
21 | 11.297898721997626
22 | 26.44292040434084
17 | 22.276038746349514
1 | 6.128393328981474
46 | 47.6121397477109
7 | 17.748818438034505
31 | 34.50502574630082
42 | 40.998306708817836
19 | 22.8863681134535
15 | 26.69630186294671
24 | 35.06965161912376
27 | 38.62129959923914
24 | 23.67648530070437
28 | 28.661190144135617
29 | 27.581234920187853
15 | 10.766058276349213
21 | 28.800798551295884
69 | 51.8348143302137
51 | 48.024573769711424
8 | 11.8926170397026
26 | 33.38076251826715
36 | 44.439035875257105
46 | 34.83717866335064
39 | 42.061951415322255
23 | 23.251500100144767
10 | 30.65197979635559
21 | 26.097950514173135
30 | 37.627082240534946
20 | 29.063654205878265
27 | 30.855001735064434
14 | 18.93043431887054
20 | 24.00078299996676
2 | 7.866527001664508
47 | 37.473315706825815
20 | 23.22906513029011
22 | 28.306532588147093
25 | 29.84440419805469
50 | 53.41338809594163
1 | 6.257032109162537
27 | 29.57471474687918
29 | 28.278856525663286
19 | 23.1817704817513
12 | 14.118306675867643
7 | 9.80991219583666
18 | 17.785447473666864
56 | 50.27117463183822
49 | 50.12448296110961
32 | 34.27211872499902
29 | 32.77541574992938
49 | 51.285278794617625
18 | 23.646153961366508
36 | 35.53116274543572
26 | 27.794154996983707
23 | 29.308196151687298
23 | 23.444084464514162
21 | 23.393567842198536
31 | 35.795945691585075
30 | 30.83370514138369
53 | 45.62422721856274
2 | 7.008089463750366
58 | 54.74174979169038
32 | 34.77263861702522
54 | 52.0215313253284
39 | 24.70546139020007
28 | 32.94554851797875
47 | 36.01662569283508
20 | 19.957387392234523
17 | 20.795015824129223
28 | 31.391712474345695
55 | 57.268482079554815
22 | 31.446550340915564
14 | 20.98400706704706
19 | 23.29151126893703
28 | 39.428326866356656
24 | 28.846317093470134
51 | 41.096869723231066
34 | 37.94001564278733
32 | 31.298312814207748
32 | 47.78161909157643
32 | 35.77615817374317
4 | 11.350502887915354
24 | 27.776980287279002
18 | 22.638250964169856
22 | 25.64889905793825
28 | 30.55235824623378
39 | 42.271213488827925
64 | 52.56842913804576
43 | 37.669967090012506
26 | 30.57002073037438
5 | 9.538997550494969
28 | 36.58395353809465
18 | 26.65185774298152
20 | 24.89587358268909
11 | 17.233893632364925
34 | 33.08241504593752
45 | 40.21829400368733
20 | 23.82330242113676
43 | 36.425274627050385
24 | 27.01144577708328
28 | 25.987745923688635
24 | 29.333085176709574
51 | 44.09450896899216
10 | 25.74574850135832
8 | 12.27317582280375
24 | 26.314459778543096
34 | 37.79931246524211
21 | 24.729041570739355
22 | 24.74551958742086
18 | 24.65875232196413
18 | 22.459018373047
27 | 28.71129398024641
32 | 22.711343531147577
14 | 20.74036724626785
28 | 31.826693872513715
38 | 38.85064802947454
29 | 29.044117875688244
42 | 53.79897267452907
62 | 55.832145985012176
67 | 58.55712103913538
25 | 33.1215003770194
17 | 24.789554355782457
5 | 10.387499396165367
15 | 21.59400990611175
14 | 28.68333457573317
37 | 43.203657245845534
7 | 8.243102334527066
59 | 60.97787185483321
36 | 33.08825225313194
30 | 26.780910627509
19 | 24.9678637884208
42 | 41.1193851295684
44 | 47.12954911007546
21 | 25.940933309670072
25 | 25.349067716277204
39 | 40.340658947243355
48 | 44.9923202485661
21 | 22.06609511602437
11 | 23.58290284976829
51 | 41.388060737052
3 | 8.473247251706198
18 | 21.654990651499247
45 | 38.556580064003356
69 | 57.5200111043232
24 | 27.698983081034385
24 | 26.13553428737214
52 | 52.1447023973451
37 | 37.946845477912575
55 | 57.19586817722302
27 | 35.5740526370937
31 | 29.994801384047605
32 | 37.62004121061182
8 | 15.344582809135318
32 | 34.456682394986274
6 | 8.56442635296844
22 | 26.386025698302547
28 | 32.29653452162165
29 | 29.729089075990487
17 | 26.479948107269593
33 | 32.76497807801934
18 | 23.6725430872757
24 | 22.495168183930218
28 | 30.713803614897188
37 | 32.737554499763064
11 | 12.297667648235802
37 | 35.833176589221694
28 | 31.12391331823892
21 | 24.569455354532693
21 | 21.7623562963563
31 | 32.05024122656323
40 | 35.74996671557892
36 | 34.63288380642189
63 | 56.66732726630289
31 | 32.29272823652718
7 | 10.941000526887365
29 | 35.86713110131677
34 | 32.94518388452707
54 | 51.31999737006845
10 | 12.994154097978026
22 | 30.72384866711218
32 | 33.95212429773528
34 | 29.535682489629835
5 | 10.211197303142399
5 | 9.997786462190561
31 | 38.31827892590081
53 | 46.78709388140123
25 | 27.270839216653258
27 | 30.727340386947617
22 | 27.083868612593506
43 | 43.59432433056645
33 | 27.848375682835467
11 | 29.099557883979287
17 | 23.482104132621316
28 | 29.811365829518763
33 | 35.67939139413647
49 | 44.364717052085325
37 | 40.0271241365117
39 | 46.415263189177494
40 | 44.20778626995161
21 | 28.720653387485072
25 | 27.761614060786087
25 | 24.732172838790575
29 | 32.95329941617092
38 | 40.6664449783857
43 | 44.56962796248263
30 | 26.997874753025826
30 | 29.458568463800475
26 | 28.996365134051302
28 | 24.459642371046357
28 | 27.79243738303194
56 | 51.06835501900059
31 | 35.471139609697275
32 | 34.97419162397273
8 | 10.558669051271863
37 | 39.52406171854818
1 | 8.962582922220463
1 | 6.85953935503494
59 | 44.305016176076606
71 | 58.88030343428545
17 | 21.387119831109885
33 | 32.918456419487484
7 | 10.203384942084085
40 | 39.69735562836286
16 | 23.144556841813028
22 | 19.448994767386466
35 | 40.287773555959575
14 | 26.025402680621482
52 | 43.61722462583566
40 | 44.06489427143242
41 | 41.189280920196325
33 | 39.62103392928839
19 | 31.054286024533212
26 | 27.731707116152393
26 | 30.55669557437068
20 | 29.512034613173455
25 | 28.533999014412984
43 | 42.54602240357781
63 | 53.2337245537783
35 | 29.068885029351804
30 | 33.562016844633035
57 | 58.95638311689254
8 | 11.004311011056416
52 | 51.28117114579072
8 | 27.35324532276718
27 | 28.325502184568904
22 | 30.924256633792538
28 | 28.339494177373126
27 | 24.852611951821018
56 | 50.31433496187674
28 | 30.921969865914434
48 | 36.11670099751791
52 | 50.870874633968924
46 | 34.69827122846618
21 | 23.379329671675805
33 | 39.96085707604652
25 | 27.293097793881316
32 | 31.111238382582087
11 | 20.94357863784535
17 | 22.135227284627035
3 | 7.244954329740722
7 | 12.619117640861077
22 | 23.610149562184233
45 | 39.02517306711525
38 | 33.44640344765503
34 | 37.53045600815676
30 | 28.506249482685234
17 | 28.56871929578483
23 | 24.31938969582552
27 | 38.296373820572626
2 | 9.539631142077269
21 | 39.864568305551074
30 | 33.31194191117538
26 | 36.101119416824076
30 | 34.25627705932129
17 | 23.728495662799105
24 | 26.210072657791898
34 | 28.515525712864473
10 | 20.902755598712247
36 | 37.450723129324615
73 | 65.64469573038514
17 | 20.623590525530744
47 | 43.408917213004315
18 | 22.84439601667691
55 | 52.344269624416484
39 | 42.90694333234569
18 | 21.86519201117335
22 | 24.882995938532986
3 | 10.139956795494072
31 | 32.36999348457903
4 | 9.293265627231449
62 | 49.109787701338064
26 | 32.61313290329417
62 | 60.52829596196534
2 | 5.668676965578925
21 | 20.97610654964228
26 | 29.672938194824383
31 | 21.23692737473175
54 | 45.30647701595444
17 | 21.122144552646205
44 | 48.337524345261045
23 | 28.508373769174796
36 | 35.16824096580967
30 | 31.857548219675664
31 | 25.087157287052833
27 | 30.86226857668953
19 | 26.53094879927812
28 | 32.89607671368867
20 | 24.872897578432458
24 | 29.359011475986335
20 | 25.87874397233827
44 | 39.620226644387
25 | 24.13632150250487
40 | 42.298252197448164
26 | 34.39327065058751
43 | 41.20655904500745
57 | 52.83868859245558
18 | 26.68060039379634
25 | 25.804433612385765
49 | 53.16279682482127
44 | 43.76342793996446
46 | 48.20702883601189
23 | 25.69999478169484
58 | 54.57254749001004
5 | 11.822180292801932
37 | 30.26887530935346
60 | 56.072680166049395
14 | 14.337016259203665
25 | 34.71353300334886
26 | 27.12256121338578
4 | 8.722187432547798
10 | 14.800722184590995
1 | 7.546560646645958
4 | 11.516511595225893
57 | 52.76520064246142
24 | 32.70344796369318
24 | 28.129015640355647
38 | 37.02970804675715
26 | 27.21329492784571
24 | 26.98506265319884
28 | 30.044183254940435
55 | 50.36791715119034
64 | 58.82387700177787
40 | 36.27259126515128
22 | 40.769496279535815
19 | 25.871004484186415
21 | 31.998838897736277
50 | 47.12393643584801
34 | 40.83999160048552
27 | 24.621517792344093
57 | 58.72834448545473
34 | 31.955016571562737
56 | 56.202400724287145
19 | 22.85642077284865
4 | 6.5079787248396315
18 | 18.14334803802194
26 | 27.145614192413632
22 | 26.614436543080956
44 | 42.33684641192667
23 | 25.465574395435397
1 | 8.804523861617781
6 | 11.077698173059616
21 | 25.60296931769699
29 | 34.83273117459612
4 | 8.93651525088353
35 | 39.32609616650734
47 | 46.24131223454606
19 | 21.93406581133604
22 | 26.744287569017615
43 | 43.5595706893364
2 | 6.875672240596032
28 | 27.837404213729315
41 | 45.7224734397023
22 | 24.975366183032747
51 | 51.9829539633356
27 | 29.129640191211365
28 | 37.59282176452689
23 | 24.84223719133297
28 | 41.80109697714215
6 | 16.790595881757326
33 | 30.740338751173113
41 | 36.39217311551329
4 | 8.508324804191943
27 | 28.07084339892026
17 | 22.224784571822966
48 | 46.744431449100375
33 | 34.65283035120228
23 | 26.127789021644276
35 | 23.274665656208526
28 | 33.4870882742689
25 | 30.93201531993691
18 | 23.330542583484203
34 | 33.40711898409063
26 | 32.21533028880367
29 | 35.291825393913314
24 | 31.233389926725067
39 | 43.47034080218873
62 | 47.99949343194021
3 | 9.836577529087663
27 | 29.898137507232605
23 | 23.554259867582005
3 | 8.134400032868143
31 | 30.112929850787623
50 | 50.951762531592976
23 | 28.06685249513248
28 | 30.302974049409386
34 | 37.81909570482094
17 | 26.77766223216895
23 | 26.4112480772892
26 | 29.87020530825248
42 | 43.9989948697621
31 | 33.09822530543897
31 | 34.1482950396603
58 | 57.39102137321606
29 | 30.886061875207815
3 | 8.43584939534776
15 | 20.976465451472905
24 | 35.305683009675704
22 | 23.645857423893176
27 | 24.502274013357237
16 | 23.550003284122795
4 | 8.281945524155162
51 | 52.50020482469699
44 | 41.421698426187504
23 | 24.7679552489426
46 | 51.95222009316785
29 | 34.26525140675949
24 | 27.39233827753924
19 | 21.622877168876585
29 | 32.04624908382539
1 | 5.5819270377542125
35 | 31.896595519094262
40 | 43.30493833281798
16 | 22.532438091177028
3 | 8.497109381278278
45 | 46.244913782400545
28 | 31.020251153386198
38 | 34.22624354227446
65 | 51.36850362678524
30 | 37.38200509402668
24 | 26.503249351808336
60 | 59.64645208732691
21 | 24.4658752354444
29 | 33.33764274668647
4 | 9.114203513541725
4 | 7.323184719512938
28 | 31.265785043971846
18 | 20.76041346002603
29 | 31.62323645176366
25 | 28.595768124680035
25 | 26.770093926112168
9 | 13.175797080737539
40 | 36.62832814315334
36 | 38.2553160538082
70 | 65.32940898882225
36 | 37.2686469508335
7 | 11.0816274289391
22 | 30.70416052173823
32 | 38.02824138698634
22 | 26.008023551665246
50 | 37.25018872570945
38 | 23.96588722174056
24 | 27.599108181428164
23 | 30.314608538988978
55 | 48.52903573313961
59 | 54.681474869605154
39 | 25.460206787567586
17 | 22.476713366049808
23 | 23.759131739323493
26 | 30.323194371769205
23 | 30.03170986074838
22 | 27.888498833577614
63 | 60.40520904674486
31 | 32.10558021982433
25 | 25.69741648696072
24 | 32.06173244456295
12 | 30.95209964097012
17 | 24.637099801635486
27 | 29.133286867814604
25 | 29.788856274390128
39 | 45.625966264895396
29 | 33.74845251813531
40 | 51.4409086300293
37 | 35.21469253479154
39 | 39.79441371158464
23 | 24.123327455483377
35 | 37.02192231710069
25 | 31.474092362972442
36 | 22.78616309998324
3 | 7.409080120793078
1 | 7.0993161750084255
41 | 41.117615693598054
5 | 17.87457091046963
38 | 41.3939577685087
30 | 31.367846617184114
25 | 29.038151354761794
41 | 38.209608804027084
42 | 42.147880181786604
50 | 40.66830053960439
65 | 60.388092953413434
28 | 26.78186420671409
10 | 29.27827616664581
9 | 23.429680094413925
57 | 56.352999003458535
32 | 30.736846506944858
28 | 29.464672015514225
21 | 29.183803901541978
30 | 35.17491898755543
7 | 9.517135529313236
8 | 10.397718532534782
23 | 25.586866655154154
1 | 8.176135327463271
26 | 52.81130340031814
21 | 19.046639315783978
47 | 46.32720592914848
24 | 29.380304002639605
21 | 33.808065158489626
24 | 29.31413800129667
1 | 10.122548860032111
33 | 40.05425477056997
27 | 28.601455863157753
20 | 25.510835871566087
3 | 7.0021255551837385
21 | 22.610091956041288
27 | 26.4852663888596
4 | 9.257791844487656
19 | 30.350627243868075
27 | 29.046429000096396
46 | 31.222091153031215
45 | 40.242989627004135
26 | 31.615050196298398
19 | 25.316328377346508
40 | 50.28581237321487
5 | 8.631063506327337
41 | 41.38878626283258
16 | 21.43191454501357
24 | 22.905168717785273
30 | 33.69516459706938
53 | 44.70301816385472
32 | 35.07850456761662
47 | 36.44264734140597
18 | 29.92276328423759
28 | 35.9761481762398
23 | 31.762151407834608
19 | 25.248077654541703
34 | 30.867346212035045
22 | 23.696689251082717
31 | 32.13042288972065
64 | 63.5871370267414
38 | 40.41803836496547
24 | 25.55190160163329
25 | 29.5411584044341
50 | 55.98606025008485
47 | 34.85021437017713
30 | 31.51498134614667
32 | 30.01329455670202
40 | 39.89831684413366
36 | 36.253811172238784
5 | 11.675032623810694
29 | 33.37546548130922
36 | 37.22132243553642
43 | 46.29406540864147
20 | 22.593894820078276
27 | 27.07912695792038
25 | 26.56661987910047
28 | 28.567606584983878
55 | 54.225220471358625
23 | 30.17302461946383
5 | 36.38925103249494
22 | 26.13274469593307
61 | 57.000843755406095
35 | 34.162804516498
15 | 19.76187207494513
30 | 33.44471588329179
30 | 33.00125848245807
37 | 38.906598464702256
40 | 41.32449487550184
41 | 31.884396104258485
71 | 68.93478119530482
29 | 30.357146987284068
32 | 32.74723286856897
18 | 34.683666304452345
32 | 31.410124561283737
21 | 23.893187395413406
19 | 23.03169396292651
30 | 29.7783554350317
25 | 27.254864610440563
23 | 28.96454229520168
54 | 50.84729015926132
33 | 28.406803438731004
31 | 35.45453646441456
16 | 19.79942420120642
31 | 32.210068560612854
60 | 51.674412086606026
16 | 21.526133405277506
5 | 10.610993112495635
45 | 29.94462360360194
32 | 37.79573774442542
62 | 66.12786256553954
18 | 25.958063783415128
39 | 37.53623518609675
24 | 27.94270629598759
25 | 28.542231699480908
23 | 26.794040076143574
21 | 30.048790453525726
62 | 26.617094459827058
24 | 28.682887729024515
24 | 27.7798432201962
23 | 26.202884029626148
18 | 25.102891726535745
24 | 29.61476154695265
22 | 23.52046510175569
27 | 27.92195755580906
22 | 23.211224432394374
10 | 14.093549313838594
10 | 14.75795808591647
18 | 21.128680935216835
29 | 27.82329216983635
34 | 36.05508204648504
25 | 26.148193341039587
33 | 38.59108367128647
11 | 14.165589142998215
30 | 36.90803268685704
26 | 27.60074953030562
15 | 21.478335558378603
62 | 61.3161923615844
53 | 33.837977381655946
21 | 26.26253564056242
13 | 13.281114817946218
28 | 32.16599731968017
32 | 34.372339381836355
32 | 33.44437456718879
24 | 25.43011833820492
33 | 26.798279513430316
57 | 56.34001824934967
29 | 31.452429094701074
18 | 22.440712946059648
34 | 25.839667812164407
53 | 53.36073528359702
3 | 9.705126668035518
35 | 36.37113354797475
20 | 30.60045866772998
35 | 34.14598399371607
33 | 29.683374668762553
22 | 23.778758310421836
20 | 19.728030793834478
32 | 30.90151879901532
31 | 35.383010046498384
30 | 32.97723912814399
29 | 31.507946961035486
19 | 24.732876512163784
27 | 28.63615538040176
12 | 14.62039176718099
51 | 40.57742381840944
30 | 32.29533403442474
23 | 29.098957085167058
47 | 44.33801682089688
15 | 19.425561169657158
24 | 32.92036189994542
46 | 53.573338984977454
25 | 29.879420895245858
24 | 31.274711368838325
30 | 29.625050096248742
39 | 34.65643930609804
37 | 37.8955376126105
50 | 44.985471881052945
20 | 25.57904453133233
25 | 32.35260676196776
38 | 38.39112787263002
28 | 26.229030679911375
6 | 12.03232487780042
40 | 34.734714568941854
21 | 24.270299942290876
29 | 29.915061662439257
27 | 25.066551550407894
41 | 35.24210715253139
40 | 44.469228393398225
73 | 61.366119678044925
6 | 12.228461474005599
3 | 12.30843388743233
21 | 24.280131726700347
41 | 39.37530665769009
34 | 29.50637512857793
30 | 34.36525755634648
37 | 41.2574260502588
20 | 23.585318747966085
33 | 34.70602224813774
4 | 8.660480542224832
15 | 22.04282531014178
23 | 23.447806444892194
28 | 30.200484991713893
20 | 22.817494008573703
42 | 39.2839006994036
22 | 27.909724663069937
4 | 11.748099235352129
34 | 35.237377638637554
2 | 6.393611540552229
27 | 28.873877431906294
5 | 8.25892751448555
21 | 25.906089700525627
23 | 27.912239448458422
26 | 31.26114140811842
35 | 34.29723611957161
6 | 12.436381437932141
25 | 23.685978274676017
6 | 11.000772875035182
32 | 39.063106707151746
48 | 56.37174150792998
40 | 44.18232321640244
71 | 69.55364486569306
32 | 30.063646769325715
44 | 43.36177613711334
41 | 44.300313535146415
55 | 45.472376423713285
42 | 45.9882876543561
52 | 52.09332644920505
17 | 23.050543717108667
32 | 28.524755183490925
30 | 34.219030478037894
25 | 36.66450540069491
55 | 50.356021764164325
28 | 28.511115191562567
25 | 27.62799678510055
61 | 58.61732696395484
32 | 33.77667405991815
20 | 26.071786053595133
22 | 24.484481471707113
25 | 23.298743380233645
29 | 32.41810355329653
29 | 28.758757964533288
48 | 48.58528607629705
23 | 28.55525482376106
38 | 38.53188004324329
38 | 31.178094485541806
20 | 24.54645372624509
26 | 29.481784745585173
31 | 32.51222036173567
69 | 71.93152846186422
45 | 36.01753973722225
19 | 26.299152096675243
22 | 25.113353666791227
24 | 29.830567784490995
30 | 33.630721647059545
28 | 28.568216660278267
46 | 44.76387818172225
23 | 23.423475981282536
21 | 28.530483052658383
23 | 26.194648216711357
47 | 44.21686632517958
41 | 43.42509842378786
23 | 27.180524185620015
29 | 32.70120604947442
21 | 44.872134642559104
33 | 29.898980335856322
34 | 29.746462489885744
43 | 40.236260790610686
58 | 51.254317491839174
26 | 27.25052040227456
16 | 20.49854166439036
27 | 27.51085190079175
16 | 21.45158025965793
47 | 48.6717721374589
19 | 22.57101604764466
2 | 6.474745137471473
42 | 38.76811841974268
23 | 31.511362686229404
2 | 6.509724280971568
18 | 23.788866928895004
31 | 31.784272536518984
28 | 30.53202952822903
46 | 22.517394735565176
17 | 19.403145055868663
27 | 40.04975229053525
56 | 49.992166615789756
29 | 28.526379286660813
63 | 59.51915075152647
28 | 31.537663150345907
25 | 24.17505296555464
6 | 14.219701485824771
56 | 22.70112514597713
33 | 30.42788000422297
27 | 29.78129074757453
18 | 22.971027037478052
25 | 29.173224540660158
43 | 38.8351431034971
28 | 33.95131757721538
25 | 29.634826395078562
68 | 64.8963994931546
35 | 39.85519808140816
29 | 31.650472860666923
2 | 9.076493752654642
30 | 29.538700959732523
55 | 53.66081191599369
22 | 27.92489756771829
27 | 31.24877226888202
4 | 24.557965387182776
26 | 28.95702446240466
30 | 33.694317831483204
61 | 53.23449142812751
62 | 49.94664505170658
26 | 31.986950848833658
35 | 38.614846077922266
38 | 41.51604670693632
26 | 29.55541494488716
31 | 31.84306720708264
20 | 24.54140009911498
22 | 26.698030659288634
30 | 26.204614025831688
24 | 25.731754139531404
38 | 39.924538862891495
24 | 26.586972907709423
25 | 26.699161333206575
4 | 11.702712063619401
24 | 30.766262379765976
24 | 25.45543637033552
36 | 39.542559023189824
26 | 27.30881290131947
24 | 28.672501572757028
11 | 27.922744774376042
49 | 40.85668684163829
30 | 30.97647601988865
28 | 33.10166262608254
34 | 36.16156361400499
29 | 25.59945710375905
58 | 60.55458707592334
22 | 25.139534922112944
26 | 29.03031625354197
11 | 29.371284592780285
48 | 36.31151046452578
26 | 30.41127627226524
28 | 29.51095891839941
88 | 63.27665807379526
31 | 30.681829514564015
36 | 31.9325757973711
35 | 35.4207871214021
26 | 29.30715071002487
30 | 34.45967663981719
28 | 29.262284170021303
37 | 40.871905056992546
17 | 19.036918388388585
46 | 50.291627519764006
24 | 25.76460024912376
52 | 47.53806238042307
36 | 34.5009312107577
36 | 45.93410262308316
50 | 41.670130745042115
30 | 30.63868010387523
18 | 15.911601963860448
44 | 41.97098497126717
30 | 33.38304441305809
46 | 44.873569822637364
23 | 28.965952903818106
19 | 24.84966928832
18 | 22.12965511949733
25 | 31.69774869637331
18 | 25.827771111333277
30 | 32.371055743074976
24 | 31.60967740835622
26 | 32.97419909836026
36 | 31.8765513850376
36 | 36.31854878884042
2 | 9.103963200643193
28 | 28.255926580226514
38 | 38.082195680821314
31 | 31.303511160542257
35 | 28.396718088246416
33 | 32.8883071342716
63 | 59.4627730010543
29 | 33.63222244003555
30 | 32.21539544308325
37 | 23.56834543030709
45 | 43.13739111449104
21 | 25.32442264567362
20 | 25.53767338459147
22 | 25.81699583044974
29 | 34.03468539682217
28 | 29.52399459728622
22 | 24.6473401649273
38 | 36.741553642670624
52 | 52.094063709300826
23 | 27.786050951399375
43 | 35.221297466836404
28 | 28.451592381490627
48 | 47.67659305338748
41 | 40.32523788860999
35 | 42.97117923019687
19 | 23.713748703652527
17 | 22.2050291611813
28 | 27.642779967340175
8 | 17.667753656744026
23 | 25.047796252416447
59 | 59.106185808515875
42 | 38.618405418412294
18 | 24.379551906487904
50 | 51.30672672908986
33 | 36.39738193957601
16 | 19.81166548386682
37 | 34.621796251565684
28 | 29.002141503384337
74 | 60.824129974935204
52 | 50.12006669654511
25 | 29.222634492849465
37 | 39.860183242708445
29 | 29.925109294592403
32 | 39.64278676250251
24 | 29.275458485004492
27 | 28.558433657279238
24 | 31.279379370622337
40 | 40.5421418157639
32 | 31.732272919703973
24 | 31.21975140145514
19 | 22.963287248217966
31 | 31.577866231877124
24 | 25.579095510591287
30 | 25.264691115706228
31 | 30.98474469676148
47 | 45.07413355569588
1 | 8.46412236316246
42 | 42.200959269393934
30 | 33.884471509896684
34 | 33.925547581049614
25 | 31.50991570588667
44 | 42.07633811089909
18 | 28.7109081048402
37 | 27.66618989093695
33 | 31.20768220059108
33 | 33.200323570752516
30 | 34.87139002245385
56 | 55.96250499490998
15 | 24.853823249985
43 | 34.21441553143086
26 | 29.425240526528796
22 | 27.08880017278716
20 | 43.41434766101884
22 | 24.586007329955464
18 | 28.39601943513844
57 | 52.87086398649262
58 | 50.08371298451675
52 | 48.94666970416438
29 | 32.418225020184764
20 | 18.238576423493214
42 | 40.92251374357147
28 | 29.047316791838966
3 | 8.074962209735531
25 | 26.412748344504507
51 | 48.116493484179955
63 | 25.926979562384076
34 | 44.38521676172968
30 | 28.734635862521827
18 | 24.246365172672085
48 | 45.1137215004419
29 | 28.730503560451325
31 | 36.77314878127072
25 | 30.77022366190795
50 | 40.88109392445767
35 | 35.199812951439526
38 | 38.54103004268836
30 | 26.203927134047262
32 | 37.37398243061034
19 | 22.88714033132419
28 | 32.66339801350841
24 | 23.84965917695081
21 | 22.869794341444504
2 | 7.615867956774309
19 | 23.253859306219965
28 | 35.450337252928875
30 | 30.45740718214074
29 | 27.35247674729908
61 | 61.539617301896214
57 | 53.05490840037237
31 | 37.52653349010507
31 | 43.01670446357457
46 | 45.748093758913456
55 | 58.29198272651411
14 | 21.108989999396726
26 | 27.475418539135717
28 | 30.328998743381817
26 | 28.867098875518423
41 | 34.22635095816804
56 | 52.673459437675774
16 | 19.038448124119896
33 | 39.07610253075836
16 | 22.08978384285001
30 | 33.06912047084188
22 | 22.947438622883055
49 | 46.9425239788834
62 | 61.07931959316193
16 | 24.214852751465514
56 | 53.178879647515714
36 | 45.52350870257942
24 | 27.185110631457064
31 | 30.245322468108498
51 | 50.70085400773678
24 | 30.6748463238182
47 | 48.86289140541339
24 | 27.3518780504819
34 | 36.17969194741454
63 | 62.36646229514736
24 | 28.44922178197885
39 | 39.24706810241332
29 | 33.53719379444374
21 | 25.42215002857847
23 | 29.54113193671219
52 | 50.63398194598267
27 | 28.573963677714346
70 | 60.77935274994525
20 | 23.693127009551972
23 | 28.12427996180486
81 | 68.79238205542788
16 | 24.631757887545973
60 | 62.306608865517774
35 | 41.00111070193816
39 | 36.31951529334765
24 | 28.588772432587575
42 | 40.20493507722858
42 | 36.956046550301835
39 | 38.68009962781798
20 | 25.55009354383219
39 | 39.62820924416883
23 | 27.993542794225505
48 | 49.47984008543426
63 | 37.84277747571468
22 | 25.472544264863245
19 | 21.77048531343462
4 | 8.200852571928408
21 | 23.203936764562968
24 | 22.946159264916787
22 | 25.657350114837755
26 | 31.695030187489465
44 | 50.599844372831285
30 | 36.81971196678933
24 | 23.99104378526681
26 | 14.172177821048535
19 | 22.103409228206147
55 | 56.94239874489722
44 | 49.509789354749955
46 | 43.715963487979025
30 | 35.43806726663024
15 | 23.323341952927876
40 | 38.68708823999623
24 | 24.42624263901962
18 | 22.8304344980279
16 | 19.308616126305424
46 | 40.81363510212395
20 | 24.0357372671715
60 | 56.311920260021
52 | 55.337846181879286
39 | 30.81035191687988
44 | 45.943756049731746
30 | 29.72861012147041
43 | 44.6206097076647
44 | 43.42952841313672
22 | 32.03265796409687
4 | 8.899752239347436
29 | 31.01047023962019
47 | 39.38599636199069
38 | 35.03564660740085
28 | 31.745588753023185
28 | 34.93959061295027
13 | 20.218165351456264
19 | 25.326694964780472
17 | 20.825551915739197
26 | 31.482763988606166
25 | 27.18767902062973
30 | 32.68516471073963
21 | 26.06027592375176
36 | 33.442395542690065
33 | 33.238577508105664
25 | 23.64462981908582
32 | 31.98412226518849
37 | 36.33556930156192
24 | 30.687921696924604
33 | 34.59536869247677
26 | 38.66778834251454
27 | 24.96705172371003
18 | 21.989083497493993
39 | 39.473449971410446
13 | 17.594591784960357
55 | 57.29366938857129
21 | 26.77019934123382
24 | 21.558015217946377
48 | 25.834586373181082
21 | 20.932422929967288
22 | 26.642027359630447
44 | 43.12701578810811
58 | 55.03506506991107
66 | 57.59136870849761
24 | 22.038681281730533
30 | 35.07453772088047
42 | 51.7754268971039
47 | 47.90971429127967
24 | 28.295015995623544
30 | 31.646393364993855
26 | 30.327769824827556
41 | 34.81254648300819
27 | 31.107675796025433
18 | 27.061908927746117
30 | 32.690522786811925
49 | 35.539092729915865
52 | 49.13825265903142
22 | 30.989747407555114
57 | 38.91046237794217
57 | 52.58364054103731
46 | 45.057481608120725
16 | 22.82308439645567
37 | 41.30199013208039
36 | 38.267548246716615
41 | 35.532354824303184
38 | 37.090029665327165
17 | 24.344610620755702
18 | 33.66866616351763
21 | 27.08927561098244
35 | 35.42231053544674
34 | 35.68951709091198
33 | 34.41949131555157
31 | 37.36936739360681
22 | 25.452006103878375
41 | 36.61742597661214
35 | 33.14849352318561
23 | 24.330636058584787
27 | 29.275308847631095
42 | 28.813873706327286
17 | 22.486536487936974
42 | 39.33586631671642
22 | 23.776004345621914
22 | 28.600393046042882
18 | 27.129653526004404
26 | 26.20833294984186
32 | 30.6852831117576
47 | 40.57545918371761
45 | 43.87208444660064
37 | 40.459231494460255
26 | 26.232907306577545
21 | 23.0715400534973
38 | 43.20339708632673
27 | 26.358773609565105
22 | 30.6845952696749
30 | 29.99509439279791
38 | 39.34875763626769
26 | 26.157488137541804
32 | 33.662165873276535
8 | 22.949555025574227
46 | 44.71706783422269
38 | 36.34428668336477
5 | 9.130035113135818
53 | 40.547774212725926
21 | 28.694107171380892
37 | 39.9954753483471
17 | 25.177736015466508
28 | 36.79046959098196
28 | 23.187324194295797
22 | 26.65979314496508
62 | 52.37674885895103
26 | 25.93451640836429
33 | 34.08595504051482
47 | 47.176308110996615
32 | 34.182742473785765
35 | 33.2673254609108
64 | 60.04153091533226
26 | 27.463504560291767
46 | 51.98764550453052
50 | 40.996266560046934
16 | 21.2723046267638
18 | 20.991198054747656
29 | 28.68871689256048
24 | 24.286679864570033
28 | 31.600425620621536
22 | 24.112732447334565
40 | 32.9626574612339
54 | 51.91696709743701
26 | 28.857259887910914
49 | 39.03548949933611
22 | 26.917836122156586
19 | 30.188472457404714
22 | 25.004498831156525
31 | 30.011644802463707
46 | 45.03355322824791
23 | 27.745864638709463
29 | 28.857631352555472
21 | 25.366331031138543
30 | 31.888690114370547
29 | 31.907025816151872
23 | 32.51029985380592
22 | 25.62393537594471
40 | 40.14575461461209
27 | 31.94569227838656
25 | 27.93378000910161
35 | 35.75255730416393
43 | 41.82592603896046
24 | 25.57036563535803
26 | 22.101979636470787
34 | 32.449475313478615
26 | 25.321275600523222
30 | 33.27446221630089
25 | 34.25672018300975
17 | 23.57151513034478
42 | 39.992608515312895
20 | 28.79813714744523
22 | 24.815923716290854
49 | 56.26361464857473
80 | 66.78841684057261
19 | 21.984209191054106
22 | 28.80174985609483
50 | 50.568677862756886
16 | 21.967451534117572
25 | 23.10551359859528
25 | 38.07334944739705
33 | 34.41408845875412
20 | 23.927975762984715
22 | 19.161348997964524
15 | 24.111149142845534
22 | 26.893716705497354
52 | 49.55746018594073
32 | 35.51481318252627
39 | 48.7013970631815
32 | 26.021096640557516
29 | 25.01636837841943
27 | 26.285501883830875
40 | 40.14902639546199
34 | 35.67605813924456
23 | 27.17743369616801
47 | 50.350593111536
49 | 51.87654749507783
12 | 20.571270045358688
57 | 60.42060647072503
25 | 30.79941820370732
38 | 32.73205732309725
19 | 26.128519993508235
32 | 34.7533499992569
18 | 19.75327627331717
45 | 30.1021172972396
25 | 24.068162677867804
36 | 31.160206024651416
32 | 28.072007447306532
19 | 18.569033529085573
26 | 30.302787075110245
34 | 29.994387747661676
45 | 46.81887281152012
22 | 22.95839995931601
22 | 26.847867966047488
55 | 52.795360492076725
23 | 25.16178356454475
28 | 27.57906684849877
32 | 31.64650150493253
41 | 38.41799267171882
31 | 39.604620698140934
36 | 39.22421363793546
30 | 34.689639816468116
15 | 21.593771815299988
45 | 37.80533790856134
37 | 45.911077931988984
21 | 26.242412667372264
35 | 37.033079557237215
18 | 25.24330618523527
38 | 37.27918380202027
55 | 51.11358929783455
16 | 22.408377862593625
66 | 59.3892692256195
28 | 29.528027927794028
51 | 48.74126305573736
33 | 29.037819392047822
69 | 64.85601113937446
17 | 21.162441080028657
60 | 50.60131316474872
29 | 35.6247432611417
56 | 50.27670715196291
32 | 35.72376863966929
22 | 29.569283711898606
28 | 24.697157599963248
28 | 29.380743523768615
36 | 36.75775705149863
32 | 35.160888031939976
23 | 23.17179487849353
30 | 28.37621194095118
18 | 21.163138472707942
24 | 29.324032342876308
38 | 35.730641869828105
16 | 18.638000512408325
26 | 27.92497133114375
