Ground truth | result
26 | 27.552195
27 | 27.289137
23 | 21.725346
73 | 5.1976213
20 | 28.794754
25 | 22.290825
35 | 28.255466
1 | 3.8145041
5 | 28.901966
1 | 3.0591621
30 | 31.458324
44 | 38.724667
27 | 31.4833
34 | 31.394066
1 | 2.2990174
50 | 56.006695
2 | 4.1765947
53 | 48.72901
52 | 43.741776
28 | 25.39827
55 | 41.75267
32 | 30.90318
43 | 43.614902
36 | 32.227177
25 | 20.746786
6 | 12.110925
36 | 34.534916
24 | 22.829416
2 | 3.3224058
44 | 53.889927
16 | 20.616581
63 | 52.708725
2 | 30.465017
36 | 38.06318
64 | 57.470757
25 | 23.21065
33 | 33.78665
19 | 18.529682
28 | 25.662487
46 | 44.11076
2 | 4.3790684
1 | 6.2810082
38 | 42.561836
43 | 42.05367
6 | 7.158142
1 | 2.7366724
62 | 53.076237
33 | 38.287647
60 | 42.98321
35 | 26.729603
22 | 22.782501
28 | 32.260532
51 | 46.351143
27 | 32.61843
31 | 22.1772
27 | 25.717896
26 | 28.234346
20 | 21.991396
38 | 34.637054
45 | 4.83364
38 | 37.847813
56 | 56.76263
7 | 10.397986
27 | 25.76531
70 | 61.88683
16 | 11.518998
56 | 34.844265
24 | 11.484516
55 | 64.22532
28 | 20.278357
26 | 33.914974
39 | 40.531555
26 | 26.255074
41 | 36.664913
23 | 19.402317
10 | 13.038741
19 | 19.893105
10 | 5.0344014
15 | 26.443735
38 | 32.433353
21 | 16.5115
27 | 32.24715
22 | 25.842403
8 | 17.72364
25 | 25.479132
66 | 47.274494
24 | 23.400806
33 | 31.18153
1 | 2.5853715
24 | 16.120928
48 | 45.712803
22 | 29.22736
33 | 39.793808
53 | 56.931053
25 | 25.349993
1 | 0.85341644
28 | 29.165066
38 | 33.832523
27 | 29.244682
24 | 29.981133
61 | 57.720345
35 | 31.74629
23 | 20.836895
20 | 23.743515
21 | 23.220041
5 | 16.666954
26 | 26.220991
63 | 58.91954
22 | 34.601513
5 | 6.005727
18 | 21.46901
7 | 6.0480804
23 | 26.395798
29 | 20.390278
30 | 26.551659
22 | 30.943974
15 | 15.714673
30 | 35.925358
25 | 25.164474
32 | 38.370575
45 | 34.394417
59 | 52.88354
26 | 21.91876
22 | 21.968914
84 | 75.27282
43 | 41.99208
1 | 3.2126317
30 | 27.34357
17 | 21.30102
20 | 22.86509
44 | 38.75562
21 | 20.841408
35 | 36.833736
48 | 42.381855
80 | 70.78237
33 | 27.19291
24 | 26.776001
23 | 18.309528
22 | 30.124565
48 | 49.819576
31 | 26.082691
15 | 20.792034
19 | 18.854445
37 | 39.51087
15 | 36.35066
21 | 19.647266
57 | 43.752697
20 | 18.807901
23 | 27.354404
30 | 33.84274
37 | 35.726192
31 | 43.61633
50 | 20.088924
33 | 41.62273
34 | 26.478611
26 | 21.486961
19 | 20.880257
38 | 40.551914
15 | 17.017849
30 | 30.110168
35 | 39.181362
46 | 40.194145
6 | 3.1213684
59 | 58.955395
31 | 29.60899
74 | 47.53653
61 | 55.197453
17 | 23.952198
28 | 28.830135
33 | 37.518055
15 | 15.887171
51 | 45.372475
4 | 5.913033
39 | 40.905743
53 | 47.732895
6 | 4.5546827
2 | 3.834067
6 | 5.8094625
45 | 31.824644
34 | 29.689682
30 | 36.520462
28 | 28.887823
19 | 17.905842
1 | 1.1270754
24 | 25.460787
24 | 29.791206
5 | 6.6990323
2 | 4.031673
33 | 32.89915
41 | 34.340267
20 | 31.67591
23 | 21.09409
41 | 44.225887
30 | 27.472973
24 | 26.283768
30 | 30.275024
23 | 30.746368
47 | 24.014793
30 | 29.680012
11 | 19.793053
32 | 21.828323
38 | 39.58792
23 | 24.48463
53 | 56.545345
28 | 26.211353
38 | 31.345205
42 | 36.786087
58 | 47.089836
53 | 51.79565
30 | 30.585426
31 | 28.652733
34 | 29.806242
38 | 35.741215
48 | 44.05407
28 | 30.128487
5 | 5.1690836
5 | 6.5712247
46 | 45.093433
19 | 19.553759
51 | 37.34891
20 | 18.134756
28 | 22.217308
41 | 38.357815
21 | 9.435927
22 | 25.762573
17 | 20.167788
1 | 3.5380275
46 | 49.194897
7 | 13.041178
31 | 30.67831
42 | 37.781788
19 | 22.949436
15 | 17.86196
24 | 31.831503
27 | 30.970652
24 | 19.066315
28 | 25.496437
29 | 23.057209
15 | 3.9497814
21 | 23.651691
69 | 54.396717
51 | 47.43578
8 | 13.67459
26 | 31.272839
36 | 44.321964
46 | 32.32103
39 | 38.427814
23 | 20.46496
10 | 26.393204
21 | 22.358837
30 | 31.806736
20 | 22.919355
27 | 29.701326
14 | 17.192211
20 | 21.958118
2 | 2.8568685
47 | 36.29906
20 | 24.644733
22 | 28.591133
25 | 26.058096
50 | 50.7693
1 | 2.630283
27 | 22.998955
29 | 24.7925
19 | 21.452225
12 | 11.727523
7 | 11.131087
18 | 19.577896
56 | 47.49516
49 | 47.467403
32 | 29.423971
29 | 31.618172
49 | 45.617336
18 | 18.9412
36 | 33.689922
26 | 25.191536
23 | 25.074268
23 | 20.637754
21 | 20.616718
31 | 37.79366
30 | 32.449154
53 | 40.4397
2 | 2.6280124
58 | 53.289173
32 | 30.505087
54 | 48.527645
39 | 22.790611
28 | 33.264107
47 | 34.28714
20 | 13.788719
17 | 17.65718
28 | 26.641563
55 | 56.135868
22 | 25.828053
14 | 16.408993
19 | 18.42831
28 | 36.83386
24 | 24.884798
51 | 36.97882
34 | 33.955368
32 | 33.460712
32 | 42.52918
32 | 31.547304
4 | 9.806051
24 | 25.203186
18 | 18.189922
22 | 28.174702
28 | 29.36951
39 | 41.702232
64 | 47.47813
43 | 35.756245
26 | 28.341549
5 | 7.549883
28 | 32.5088
18 | 22.337051
20 | 24.385115
11 | 20.100838
34 | 30.124826
45 | 37.84215
20 | 19.656597
43 | 43.798206
24 | 22.51436
28 | 21.948177
24 | 24.557043
51 | 46.764317
10 | 6.8511815
8 | 5.8347483
24 | 24.481129
34 | 34.18455
21 | 22.153618
22 | 22.864063
18 | 19.82771
18 | 19.895924
27 | 26.661198
32 | 24.424072
14 | 18.474384
28 | 28.729767
38 | 37.10316
29 | 29.394384
42 | 49.37704
62 | 54.281162
67 | 54.442013
25 | 29.433506
17 | 20.729887
5 | 6.190991
15 | 18.664192
14 | 20.626696
37 | 38.84457
7 | 6.515581
59 | 61.63447
36 | 34.341698
30 | 28.071735
19 | 21.93454
42 | 35.893677
44 | 43.61208
21 | 20.776289
25 | 21.043732
39 | 39.922764
48 | 46.51836
21 | 18.099136
11 | 19.369717
51 | 37.677807
3 | 3.90558
18 | 19.121479
45 | 40.245403
69 | 56.390232
24 | 26.010899
24 | 24.496546
52 | 48.9855
37 | 36.19716
55 | 45.70166
27 | 31.06343
31 | 30.92752
32 | 39.0949
8 | 17.928223
32 | 34.397198
6 | 5.715205
22 | 23.070484
28 | 30.418808
29 | 29.56131
17 | 22.642775
33 | 37.1693
18 | 18.182005
24 | 21.996334
28 | 28.77219
37 | 35.29996
11 | 19.506405
37 | 29.585514
28 | 27.595001
21 | 23.658363
21 | 18.147469
31 | 32.047916
40 | 32.021255
36 | 31.768936
63 | 55.060703
31 | 29.714739
7 | 7.8370495
29 | 38.03495
34 | 28.770576
54 | 50.19576
10 | 7.1112404
22 | 26.274067
32 | 29.88567
34 | 28.501247
5 | 4.793642
5 | 7.4107304
31 | 33.416645
53 | 48.734684
25 | 23.091116
27 | 29.097912
22 | 22.11794
43 | 43.89655
33 | 27.634794
11 | 20.48781
17 | 17.24798
28 | 27.087637
33 | 35.289043
49 | 42.635624
37 | 38.39064
39 | 49.26227
40 | 43.715977
21 | 3.3105717
25 | 23.775448
25 | 21.452135
29 | 29.529175
38 | 41.652504
43 | 43.030827
30 | 27.441015
30 | 20.784927
26 | 25.192944
28 | 10.184371
28 | 26.193115
56 | 52.477722
31 | 30.028145
32 | 33.604527
8 | 5.6962814
37 | 41.975918
1 | 0.9511144
1 | 1.5259044
59 | 47.948147
71 | 65.17098
17 | 17.719028
33 | 24.649137
7 | 8.687129
40 | 38.21473
16 | 17.609344
22 | 19.67411
35 | 38.650204
14 | 23.415699
52 | 40.189632
40 | 40.250942
41 | 40.14163
33 | 32.40127
19 | 24.503225
26 | 25.277761
26 | 27.378794
20 | 22.017754
25 | 27.419567
43 | 42.071712
63 | 55.33887
35 | 27.605894
30 | 36.645115
57 | 56.064953
8 | 7.3479595
52 | 53.15057
8 | 24.100237
27 | 21.994354
22 | 25.591373
28 | 24.272625
27 | 25.23196
56 | 48.42532
28 | 22.287539
48 | 32.500526
52 | 49.613308
46 | 32.273785
21 | 21.604218
33 | 39.462566
25 | 20.242159
32 | 27.503828
11 | 8.2218
17 | 19.138721
3 | 2.9217174
7 | 6.9039073
22 | 21.651024
45 | 41.77524
38 | 33.035587
34 | 30.151112
30 | 25.393799
17 | 22.2094
23 | 21.431957
27 | 35.3046
2 | 1.6070542
21 | 32.778034
30 | 29.377728
26 | 31.39093
30 | 34.19321
17 | 20.192682
24 | 28.991932
34 | 24.69752
10 | 17.430187
36 | 33.380333
73 | 67.81473
17 | 20.234196
47 | 43.356396
18 | 20.38779
55 | 52.383335
39 | 39.469044
18 | 18.494707
22 | 22.946613
3 | 6.1448865
31 | 30.308868
4 | 4.263386
62 | 51.873173
26 | 31.569862
62 | 58.384182
2 | 2.6431015
21 | 17.923061
26 | 29.395124
31 | 21.751461
54 | 45.396282
17 | 20.583534
44 | 45.076633
23 | 21.226322
36 | 30.130898
30 | 28.24646
31 | 24.226355
27 | 25.111374
19 | 22.856777
28 | 28.789925
20 | 21.320065
24 | 23.32109
20 | 22.750324
44 | 37.371265
25 | 26.5741
40 | 41.07425
26 | 28.014387
43 | 43.522926
57 | 55.57841
18 | 25.93605
25 | 23.006037
49 | 50.72313
44 | 44.80375
46 | 39.189358
23 | 24.738657
58 | 53.26974
5 | 7.2314625
37 | 29.141415
60 | 51.63371
14 | 10.183997
25 | 29.314375
26 | 26.594692
4 | 4.5692577
10 | 11.824479
1 | 1.740613
4 | 5.9591
57 | 55.44827
24 | 28.090137
24 | 17.715569
38 | 32.36507
26 | 24.751705
24 | 29.003128
28 | 28.960457
55 | 52.02155
64 | 64.1881
40 | 34.990074
22 | 40.847675
19 | 22.880484
21 | 25.065868
50 | 42.06969
34 | 31.857178
27 | 25.950893
57 | 61.532246
34 | 27.246536
56 | 49.710476
19 | 20.344147
4 | 1.8998666
18 | 14.99878
26 | 40.938164
22 | 25.82663
44 | 39.671196
23 | 28.826548
1 | 4.26379
6 | 5.474942
21 | 22.500948
29 | 35.868458
4 | 4.5756702
35 | 34.704014
47 | 44.708595
19 | 19.059288
22 | 21.144587
43 | 48.170536
2 | 2.2450566
28 | 23.654549
41 | 42.709545
22 | 20.10799
51 | 54.914486
27 | 28.62048
28 | 31.428688
23 | 17.122116
28 | 40.758392
6 | 7.351246
33 | 27.780605
41 | 37.58736
4 | 2.6109357
27 | 31.31932
17 | 17.549463
48 | 44.897373
33 | 38.628574
23 | 25.056599
35 | 7.4150577
28 | 32.357548
25 | 25.801802
18 | 21.27708
34 | 30.28553
26 | 34.932724
29 | 26.744751
24 | 27.070553
39 | 39.107456
62 | 47.231785
3 | 10.624674
27 | 29.570175
23 | 24.811157
3 | 2.8359578
31 | 27.620579
50 | 46.653103
23 | 24.92305
28 | 23.616772
34 | 38.14153
17 | 23.850084
23 | 20.296486
26 | 28.477068
42 | 42.50057
31 | 30.502148
31 | 32.94794
58 | 50.14267
29 | 27.768536
3 | 2.4954379
15 | 17.787046
24 | 23.44439
22 | 19.358276
27 | 22.221664
16 | 19.660652
4 | 1.8779962
51 | 44.22169
44 | 46.463894
23 | 21.969479
46 | 43.61224
29 | 25.70506
24 | 19.980713
19 | 17.248037
29 | 27.426891
1 | 2.6736472
35 | 29.223524
40 | 40.616222
16 | 19.707941
3 | 1.7421972
45 | 43.37283
28 | 30.034197
38 | 36.929623
65 | 53.161263
30 | 33.275276
24 | 25.924637
60 | 58.162563
21 | 20.26342
29 | 31.215923
4 | 2.4150546
4 | 3.5468392
28 | 32.81868
18 | 21.019524
29 | 28.40038
25 | 22.158813
25 | 20.757725
9 | 8.567742
40 | 33.918518
36 | 35.21469
70 | 68.92246
36 | 38.31468
7 | 19.806892
22 | 25.857826
32 | 36.31035
22 | 28.208282
50 | 38.88238
38 | 24.017956
24 | 21.844707
23 | 26.582909
55 | 53.11926
59 | 53.376427
39 | 26.829895
17 | 19.804817
23 | 25.080566
26 | 30.270775
23 | 25.453346
22 | 8.772118
63 | 59.07964
31 | 30.134644
25 | 25.859673
24 | 28.168396
12 | 18.128841
17 | 22.278248
27 | 23.065807
25 | 24.505135
39 | 46.401302
29 | 29.50165
40 | 43.975857
37 | 35.543545
39 | 34.527714
23 | 22.76063
35 | 38.549313
25 | 27.93014
36 | 23.783743
3 | 2.512013
1 | 2.555025
41 | 37.834198
5 | 18.938656
38 | 33.233288
30 | 26.695724
25 | 31.908752
41 | 39.01076
42 | 38.81154
50 | 37.799667
65 | 60.179485
28 | 24.248571
10 | 23.947498
9 | 27.346546
57 | 47.005733
32 | 23.138369
28 | 26.573318
21 | 23.5125
30 | 32.348442
7 | 6.863779
8 | 6.9824533
23 | 18.962934
1 | 0.99096686
26 | 51.397682
21 | 21.85187
47 | 47.062088
24 | 25.78585
21 | 26.706844
24 | 28.01333
1 | 2.3016734
33 | 38.052975
27 | 23.826672
20 | 21.989113
3 | 1.6853395
21 | 19.307743
27 | 27.140606
4 | 5.9754353
19 | 29.398447
27 | 26.898651
46 | 30.087473
45 | 38.207104
26 | 27.925102
19 | 20.687864
40 | 51.8746
5 | 5.537332
41 | 37.977676
16 | 17.003288
24 | 19.257923
30 | 33.332485
53 | 43.582798
32 | 35.969616
47 | 34.410336
18 | 33.944496
28 | 30.66618
23 | 30.952168
19 | 21.910566
34 | 27.45116
22 | 21.205746
31 | 30.313236
64 | 60.674946
38 | 42.290447
24 | 23.923164
25 | 28.346478
50 | 49.912144
47 | 51.805416
30 | 32.21274
32 | 29.761002
40 | 37.27873
36 | 37.39629
5 | 5.3136325
29 | 29.653183
36 | 33.574574
43 | 44.284817
20 | 19.660654
27 | 25.433702
25 | 26.386795
28 | 24.894978
55 | 54.98055
23 | 24.239828
5 | 34.922195
22 | 23.823061
61 | 53.642902
35 | 31.53062
15 | 16.575445
30 | 34.29578
30 | 29.410053
37 | 35.33222
40 | 37.708035
41 | 30.532286
71 | 67.97125
29 | 29.950153
32 | 29.480976
18 | 29.9858
32 | 30.406319
21 | 20.605762
19 | 20.114635
30 | 28.591845
25 | 23.121958
23 | 23.397966
54 | 49.713688
33 | 23.792576
31 | 30.810068
16 | 16.41573
31 | 33.92506
60 | 51.58534
16 | 15.506157
5 | 4.671688
45 | 26.940979
32 | 33.619663
62 | 65.21237
18 | 22.728588
39 | 33.71725
24 | 22.426508
25 | 27.403608
23 | 23.815266
21 | 25.69627
62 | 5.0356255
24 | 23.684929
24 | 25.124012
23 | 20.36309
18 | 20.42206
24 | 30.81601
22 | 21.099464
27 | 24.121796
22 | 19.745378
10 | 8.059373
10 | 18.79318
18 | 19.104452
29 | 23.78838
34 | 35.145275
25 | 23.823233
33 | 36.601078
11 | 9.45546
30 | 38.333454
26 | 25.336344
15 | 16.816612
62 | 57.393177
53 | 47.971657
21 | 25.92675
13 | 18.843748
28 | 30.761866
32 | 33.0275
32 | 36.7593
24 | 25.232237
33 | 21.724813
57 | 59.70492
29 | 29.339466
18 | 21.9737
34 | 29.960587
53 | 49.76266
3 | 5.079159
35 | 33.09596
20 | 24.716679
35 | 33.750698
33 | 29.63581
22 | 22.178116
20 | 16.772385
32 | 28.645857
31 | 31.984573
30 | 27.664665
29 | 34.579464
19 | 21.129255
27 | 25.747164
12 | 12.1195545
51 | 41.55071
30 | 29.953892
23 | 24.116566
47 | 41.378185
15 | 17.239107
24 | 28.472168
46 | 53.816013
25 | 26.112719
24 | 26.237152
30 | 29.373554
39 | 34.03342
37 | 35.43571
50 | 41.069706
20 | 24.963406
25 | 30.965887
38 | 38.28644
28 | 20.645435
6 | 6.1520977
40 | 33.389225
21 | 23.23263
29 | 28.289032
27 | 28.808187
41 | 41.069454
40 | 42.582996
73 | 63.982872
6 | 10.208566
3 | 7.7159286
21 | 19.434181
41 | 33.15819
34 | 31.586079
30 | 33.145706
37 | 35.79444
20 | 18.709454
33 | 33.5452
4 | 4.1900706
15 | 19.725384
23 | 21.315838
28 | 28.426582
20 | 27.760479
42 | 37.68903
22 | 26.584316
4 | 5.6613564
34 | 32.04971
2 | 1.549494
27 | 27.365322
5 | 3.8118336
21 | 21.166685
23 | 26.14119
26 | 28.324047
35 | 30.963541
6 | 7.3920336
25 | 27.033592
6 | 7.9279213
32 | 34.33608
48 | 55.04365
40 | 40.022083
71 | 71.8794
32 | 24.394156
44 | 43.000423
41 | 39.557312
55 | 49.878597
42 | 36.323883
52 | 52.309128
17 | 21.285519
32 | 27.953241
30 | 13.823285
25 | 31.491108
55 | 48.74123
28 | 28.397089
25 | 27.130606
61 | 65.04678
32 | 33.554317
20 | 21.49813
22 | 22.743979
25 | 19.79023
29 | 31.64563
29 | 26.342178
48 | 47.66395
23 | 26.296705
38 | 37.91357
38 | 34.512142
20 | 19.056658
26 | 27.94685
31 | 28.848228
69 | 68.225975
45 | 35.06457
19 | 22.31054
22 | 23.316141
24 | 26.769722
30 | 29.38356
28 | 26.579967
46 | 47.567623
23 | 20.498188
21 | 23.557
23 | 23.940483
47 | 43.92956
41 | 42.06791
23 | 23.148846
29 | 34.249313
21 | 28.250744
33 | 26.101988
34 | 26.412254
43 | 40.5478
58 | 51.97288
26 | 28.522264
16 | 16.434412
27 | 22.211649
16 | 19.211475
47 | 43.39215
19 | 12.1840515
2 | 3.5757263
42 | 36.217495
23 | 26.88418
2 | 4.3173714
18 | 19.604744
31 | 30.092499
28 | 26.806366
46 | 21.224972
17 | 17.816414
27 | 32.134365
56 | 49.657024
29 | 20.448612
63 | 60.10779
28 | 26.801662
25 | 21.73362
6 | 5.17966
56 | 15.841353
33 | 26.819754
27 | 27.67271
18 | 21.324646
25 | 26.058186
43 | 41.260452
28 | 32.488834
25 | 27.166468
68 | 63.407185
35 | 33.642925
29 | 28.71387
2 | 3.5309277
30 | 26.81907
55 | 55.61809
22 | 20.948023
27 | 28.194267
4 | 23.084644
26 | 24.197653
30 | 34.881687
61 | 55.399372
62 | 52.16632
26 | 28.024794
35 | 39.25936
38 | 39.085896
26 | 24.591784
31 | 29.973686
20 | 23.377335
22 | 23.691544
30 | 22.845787
24 | 22.518393
38 | 41.19826
24 | 24.125046
25 | 26.423817
4 | 17.749235
24 | 23.219738
24 | 7.001302
36 | 34.22767
26 | 26.279766
24 | 25.448805
11 | 11.480977
49 | 40.387897
30 | 29.254427
28 | 30.803665
34 | 34.96741
29 | 24.03564
58 | 56.003937
22 | 23.854687
26 | 17.771164
11 | 2.2615027
48 | 37.1413
26 | 31.874956
28 | 24.074839
88 | 65.68655
31 | 27.730629
36 | 30.687954
35 | 35.849285
26 | 26.368399
30 | 31.814034
28 | 24.499485
37 | 37.388042
17 | 16.071732
46 | 46.417454
24 | 29.478577
52 | 42.87934
36 | 34.13368
36 | 40.071507
50 | 39.346745
30 | 26.173347
18 | 24.160976
44 | 39.0048
30 | 28.734104
46 | 43.9184
23 | 30.021358
19 | 20.008106
18 | 19.961803
25 | 29.27932
18 | 21.387318
30 | 31.748049
24 | 27.905624
26 | 29.967808
36 | 25.851385
36 | 36.616653
2 | 3.2371845
28 | 22.602322
38 | 49.605087
31 | 30.774635
35 | 27.158976
33 | 27.75887
63 | 60.27421
29 | 30.717155
30 | 24.55994
37 | 25.712967
45 | 42.34875
21 | 21.992899
20 | 20.005945
22 | 22.518497
29 | 30.079956
28 | 27.901289
22 | 21.097973
38 | 34.970757
52 | 54.891644
23 | 23.382416
43 | 34.276245
28 | 28.103855
48 | 42.066868
41 | 39.401974
35 | 39.181923
19 | 21.018837
17 | 22.641293
28 | 23.806042
8 | 5.7728233
23 | 21.508907
59 | 66.341324
42 | 37.270935
18 | 20.5303
50 | 53.431805
33 | 29.273552
16 | 19.632572
37 | 32.710728
28 | 26.156181
74 | 62.192554
52 | 50.616966
25 | 25.52526
37 | 38.276314
29 | 27.45946
32 | 33.964836
24 | 21.992619
27 | 26.643764
24 | 29.402596
40 | 36.358242
32 | 32.84903
24 | 28.649212
19 | 21.038149
31 | 31.308739
24 | 19.65842
30 | 24.696001
31 | 26.930496
47 | 43.578693
1 | 0.87287956
42 | 39.333622
30 | 34.35319
34 | 27.686111
25 | 30.870346
44 | 36.554424
18 | 24.058268
37 | 22.280823
33 | 27.440647
33 | 33.859768
30 | 31.350904
56 | 55.21555
15 | 23.282019
43 | 35.556953
26 | 26.49374
22 | 24.109177
20 | 25.298101
22 | 23.04078
18 | 32.16133
57 | 55.406418
58 | 48.846943
52 | 46.95252
29 | 26.788738
20 | 17.728252
42 | 41.65637
28 | 25.826496
3 | 6.8476944
25 | 22.416374
51 | 48.008526
63 | 16.799377
34 | 36.119408
30 | 27.738695
18 | 19.140965
48 | 44.261757
29 | 31.220947
31 | 34.06252
25 | 30.91186
50 | 42.41691
35 | 31.42852
38 | 31.47007
30 | 21.89938
32 | 35.914883
19 | 17.992023
28 | 28.125607
24 | 20.02911
21 | 20.226032
2 | 3.8007731
19 | 19.456282
28 | 30.023022
30 | 27.153675
29 | 24.702532
61 | 59.62676
57 | 52.52248
31 | 33.161068
31 | 41.10716
46 | 46.873997
55 | 53.433067
14 | 20.614187
26 | 25.468296
28 | 25.36155
26 | 25.523287
41 | 29.59431
56 | 45.841564
16 | 15.934155
33 | 36.64946
16 | 17.55357
30 | 31.460863
22 | 20.058191
49 | 48.30362
62 | 63.763527
16 | 21.711588
56 | 55.190464
36 | 36.80811
24 | 24.703094
31 | 27.4066
51 | 46.570435
24 | 28.793657
47 | 47.80434
24 | 23.602818
34 | 33.99304
63 | 61.60435
24 | 25.226372
39 | 38.635212
29 | 33.648415
21 | 21.688515
23 | 13.585844
52 | 49.287758
27 | 27.175142
70 | 62.199165
20 | 21.351046
23 | 27.34402
81 | 72.99288
16 | 23.364353
60 | 65.81028
35 | 40.067036
39 | 34.343555
24 | 29.06342
42 | 41.851887
42 | 32.862774
39 | 39.58789
20 | 21.126251
39 | 35.87123
23 | 28.016104
48 | 50.023758
63 | 53.308857
22 | 12.761069
19 | 22.224548
4 | 5.469838
21 | 18.589048
24 | 23.76915
22 | 23.173182
26 | 21.264349
44 | 47.791065
30 | 31.144337
24 | 18.460003
26 | 15.411445
19 | 18.751186
55 | 56.70048
44 | 45.749424
46 | 42.01418
30 | 32.867664
15 | 19.704254
40 | 30.59893
24 | 19.594315
18 | 16.914284
16 | 14.131343
46 | 43.78626
20 | 17.299484
60 | 58.462563
52 | 56.594677
39 | 30.554188
44 | 45.43493
30 | 31.26847
43 | 45.564487
44 | 43.192463
22 | 25.165
4 | 4.5007987
29 | 30.079353
47 | 39.819767
38 | 28.09374
28 | 36.305454
28 | 30.215866
13 | 15.819567
19 | 23.510107
17 | 18.042816
26 | 28.999334
25 | 23.183487
30 | 29.5188
21 | 26.874537
36 | 29.883585
33 | 33.525806
25 | 21.922215
32 | 30.79337
37 | 37.01801
24 | 27.631718
33 | 32.71671
26 | 31.345789
27 | 22.696579
18 | 20.25092
39 | 38.602604
13 | 12.881528
55 | 57.336613
21 | 21.427795
24 | 18.51265
48 | 12.7672
21 | 25.10351
22 | 25.728096
44 | 40.59483
58 | 50.562023
66 | 56.364613
24 | 19.79841
30 | 29.776457
42 | 43.289413
47 | 45.186546
24 | 26.092037
30 | 28.84108
26 | 25.092976
41 | 36.09826
27 | 31.200583
18 | 23.32029
30 | 31.238413
49 | 36.65578
52 | 45.953953
22 | 28.602875
57 | 51.847733
57 | 54.928425
46 | 39.870335
16 | 16.441456
37 | 37.928036
36 | 36.550343
41 | 33.78971
38 | 37.06404
17 | 20.15147
18 | 28.627954
21 | 22.012777
35 | 28.872337
34 | 38.05781
33 | 39.10842
31 | 34.436024
22 | 23.112688
41 | 35.667187
35 | 31.228252
23 | 19.922558
27 | 27.016285
42 | 18.96939
17 | 16.070187
42 | 41.9538
22 | 20.668293
22 | 25.821842
18 | 22.55103
26 | 23.420982
32 | 27.398888
47 | 47.47883
45 | 46.662945
37 | 39.01677
26 | 22.542757
21 | 20.768497
38 | 41.926548
27 | 17.980268
22 | 30.91448
30 | 30.527128
38 | 36.92172
26 | 24.985401
32 | 32.020096
8 | 9.5198965
46 | 41.639126
38 | 35.320244
5 | 4.325247
53 | 41.32364
21 | 22.516031
37 | 33.48909
17 | 22.81319
28 | 31.385906
28 | 23.535933
22 | 25.612762
62 | 43.056454
26 | 23.320429
33 | 33.853405
47 | 48.702847
32 | 34.07953
35 | 32.496235
64 | 58.902805
26 | 22.521927
46 | 49.707165
50 | 39.81787
16 | 16.970802
18 | 15.95116
29 | 22.622786
24 | 20.37681
28 | 27.280182
22 | 23.83427
40 | 31.593855
54 | 50.237576
26 | 25.431202
49 | 38.5677
22 | 23.287722
19 | 26.776245
22 | 24.764154
31 | 24.688972
46 | 43.718346
23 | 31.713259
29 | 25.459576
21 | 12.187697
30 | 31.910257
29 | 29.336678
23 | 28.27021
22 | 25.006472
40 | 37.607418
27 | 29.923702
25 | 27.532139
35 | 31.455517
43 | 39.669186
24 | 24.371037
26 | 24.182684
34 | 32.453365
26 | 22.765106
30 | 27.350342
25 | 30.524078
17 | 19.389997
42 | 41.432125
20 | 27.388021
22 | 24.69232
49 | 50.625164
80 | 69.537865
19 | 18.538906
22 | 23.743114
50 | 48.814636
16 | 20.847652
25 | 23.209818
25 | 31.84657
33 | 32.62521
20 | 20.465405
22 | 18.206432
15 | 18.760534
22 | 21.655031
52 | 55.675304
32 | 31.845406
39 | 49.575005
32 | 25.117819
29 | 22.692207
27 | 23.085732
40 | 44.95538
34 | 33.73159
23 | 21.95332
47 | 47.345024
49 | 48.899414
12 | 17.371069
57 | 54.081158
25 | 27.107763
38 | 29.587482
19 | 21.510086
32 | 33.476612
18 | 17.936478
45 | 29.057846
25 | 22.274237
36 | 31.458565
32 | 27.71014
19 | 12.452132
26 | 28.748365
34 | 27.269793
45 | 42.242607
22 | 19.816887
22 | 21.969181
55 | 53.292454
23 | 21.353136
28 | 26.429054
32 | 28.73394
41 | 37.303974
31 | 39.78355
36 | 40.1009
30 | 31.378466
15 | 21.037449
45 | 34.10815
37 | 29.39505
21 | 19.933674
35 | 36.34357
18 | 23.827637
38 | 35.835262
55 | 48.954613
16 | 16.480635
66 | 61.10407
28 | 26.799511
51 | 50.553654
33 | 28.611082
69 | 67.41594
17 | 14.421937
60 | 51.27461
29 | 29.365234
56 | 50.470802
32 | 32.68388
22 | 23.876972
28 | 22.679537
28 | 27.920532
36 | 34.542957
32 | 33.94901
23 | 27.1656
30 | 31.577278
18 | 18.465588
24 | 22.241518
38 | 35.885426
16 | 19.074818
26 | 20.431814
